0.00 1
0.04 2
0.08 3
0.08 4
0.12 5
0.12 6
0.13 7
0.13 8
0.16 9
0.16 10
0.17 11
0.17 12
0.18 13
0.18 14
0.19 15
0.19 16
0.20 17
0.20 18
0.21 19
0.21 20
0.22 20
0.22 20
0.23 20
0.23 20
0.24 20
0.24 20
0.24 20
0.25 20
0.25 20
0.26 20
0.26 20
0.27 20
0.27 20
0.28 20
0.28 20
0.28 20
0.29 20
0.29 20
0.30 20
0.30 20
0.31 21
0.31 21
0.32 21
0.32 21
0.32 21
0.33 21
0.33 21
0.34 21
0.34 21
0.35 21
0.35 21
0.36 21
0.36 21
0.36 21
0.37 21
0.37 21
0.38 21
0.38 21
0.39 21
0.39 21
0.39 21
0.40 22
0.40 22
0.41 22
0.41 22
0.42 22
0.42 22
0.43 22
0.43 22
0.44 22
0.44 22
0.44 22
0.45 22
0.45 22
0.46 22
0.46 22
0.47 22
0.47 22
0.48 22
0.48 22
0.48 22
0.49 22
0.49 22
0.50 22
0.50 23
0.51 23
0.51 23
0.52 23
0.52 23
0.53 23
0.53 23
0.53 23
0.54 23
0.54 23
0.55 23
0.55 23
0.56 23
0.56 23
0.57 23
0.57 23
0.57 23
0.58 23
0.58 23
0.59 23
0.59 23
0.60 23
0.60 23
0.61 24
0.61 24
0.62 24
0.62 24
0.63 24
0.63 24
0.63 24
0.64 24
0.64 24
0.65 24
0.65 24
0.66 24
0.66 24
0.67 24
0.67 24
0.68 24
0.68 24
0.68 24
0.69 24
0.69 24
0.70 24
0.70 24
0.71 24
0.71 24
0.72 24
0.72 25
0.73 25
0.73 25
0.74 25
0.74 25
0.75 25
0.75 25
0.76 25
0.76 25
0.77 25
0.77 25
0.78 25
0.78 25
0.78 25
0.79 25
0.79 25
0.80 25
0.80 25
0.81 25
0.81 25
0.82 25
0.82 25
0.83 25
0.83 25
0.84 25
0.84 26
0.85 26
0.85 26
0.86 26
0.86 26
0.87 26
0.87 26
0.88 26
0.88 26
0.89 26
0.89 26
0.90 26
0.90 26
0.91 26
0.91 26
0.92 26
0.92 26
0.92 26
0.93 26
0.93 26
0.94 26
0.94 26
0.95 26
0.95 26
0.96 26
0.96 26
0.97 26
0.97 27
0.98 27
0.98 27
0.99 27
0.99 27
1.00 27
1.00 27
1.01 27
1.01 27
1.02 27
1.02 27
1.03 27
1.03 27
1.04 27
1.04 27
1.05 27
1.05 27
1.06 27
1.06 27
1.06 27
1.07 27
1.07 27
1.08 27
1.08 27
1.09 27
1.09 27
1.10 27
1.10 28
1.11 28
1.11 28
1.12 28
1.12 28
1.13 28
1.13 28
1.14 28
1.14 28
1.15 28
1.15 28
1.16 28
1.16 28
1.17 28
1.17 28
1.18 28
1.18 28
1.19 28
1.19 28
1.20 28
1.20 28
1.21 28
1.21 28
1.21 28
1.22 28
1.22 28
1.23 28
1.23 28
1.24 28
1.24 29
1.25 29
1.25 29
1.26 29
1.26 29
1.27 29
1.27 29
1.28 29
1.28 29
1.29 29
1.29 29
1.30 29
1.30 29
1.31 29
1.31 29
1.32 29
1.32 29
1.33 29
1.33 29
1.34 29
1.34 29
1.35 29
1.35 29
1.35 29
1.36 29
1.36 29
1.37 29
1.37 29
1.38 29
1.38 30
1.39 30
1.39 30
1.40 30
1.40 30
1.41 30
1.41 30
1.42 30
1.42 30
1.43 30
1.43 30
1.44 30
1.44 30
1.45 30
1.45 30
1.46 30
1.46 30
1.47 30
1.47 30
1.48 30
1.48 30
1.49 30
1.49 30
1.49 30
1.50 30
1.50 30
1.51 30
1.51 30
1.52 30
1.52 30
1.53 30
1.53 31
1.54 31
1.54 31
1.55 31
1.55 31
1.56 31
1.56 31
1.57 31
1.57 31
1.58 31
1.58 31
1.59 31
1.59 31
1.60 31
1.60 31
1.61 31
1.61 31
1.62 31
1.62 31
1.63 31
1.63 31
1.64 31
1.64 31
1.64 31
1.65 31
1.65 31
1.66 31
1.66 31
1.67 31
1.67 31
1.68 31
1.68 32
1.69 32
1.69 32
1.70 32
1.70 32
1.71 32
1.71 32
1.72 32
1.72 32
1.73 32
1.73 32
1.74 32
1.74 32
1.75 32
1.75 32
1.76 32
1.76 32
1.77 32
1.77 32
1.78 32
1.78 32
1.78 32
1.79 32
1.79 32
1.80 32
1.80 32
1.81 32
1.81 32
1.82 32
1.82 32
1.83 32
1.83 32
1.84 32
1.84 33
1.85 33
1.85 33
1.86 33
1.86 33
1.87 33
1.87 33
1.88 33
1.88 33
1.89 33
1.89 33
1.90 33
1.90 33
1.91 33
1.91 33
1.92 33
1.92 33
1.93 33
1.93 33
1.93 33
1.94 33
1.94 33
1.95 33
1.95 33
1.96 33
1.96 33
1.97 33
1.97 33
1.98 33
1.98 33
1.99 33
1.99 33
2.00 33
2.00 34
2.01 34
2.01 34
2.02 34
2.02 34
2.03 34
2.03 34
2.04 34
2.04 34
2.05 34
2.05 34
2.06 34
2.06 34
2.07 34
2.07 34
2.07 34
2.08 34
2.08 34
2.09 34
2.09 34
2.10 34
2.10 34
2.11 34
2.11 34
2.12 34
2.12 34
2.13 34
2.13 34
2.14 34
2.14 34
2.15 34
2.15 34
2.16 34
2.16 34
2.17 34
2.17 35
2.18 35
2.18 35
2.19 35
2.19 35
2.20 35
2.20 35
2.21 35
2.21 35
2.21 35
2.22 35
2.22 35
2.23 35
2.23 35
2.24 35
2.24 35
2.25 35
2.25 35
2.26 35
2.26 35
2.27 35
2.27 35
2.28 35
2.28 35
2.29 35
2.29 35
2.30 35
2.30 35
2.31 35
2.31 35
2.32 35
2.32 35
2.33 35
2.33 35
2.34 35
2.34 36
2.35 36
2.35 36
2.36 36
2.36 36
2.36 36
2.37 36
2.37 36
2.38 36
2.38 36
2.39 36
2.39 36
2.40 36
2.40 36
2.41 36
2.41 36
2.42 36
2.42 36
2.43 36
2.43 36
2.44 36
2.44 36
2.45 36
2.45 36
2.46 36
2.46 36
2.47 36
2.47 36
2.48 36
2.48 36
2.49 36
2.49 36
2.50 36
2.50 36
2.50 36
2.51 36
2.51 36
2.52 37
2.52 37
2.53 37
2.53 37
2.54 37
2.54 37
2.55 37
2.55 37
2.56 37
2.56 37
2.57 37
2.57 37
2.58 37
2.58 37
2.59 37
2.59 37
2.60 37
2.60 37
2.61 37
2.61 37
2.62 37
2.62 37
2.63 37
2.63 37
2.64 37
2.64 37
2.65 37
2.65 37
2.65 37
2.66 37
2.66 37
2.67 37
2.67 37
2.68 37
2.68 37
2.69 37
2.69 37
2.70 38
2.70 38
2.71 38
2.71 38
2.72 38
2.72 38
2.73 38
2.73 38
2.74 38
2.74 38
2.75 38
2.75 38
2.76 38
2.76 38
2.77 38
2.77 38
2.78 38
2.78 38
2.79 38
2.79 38
2.79 38
2.80 38
2.80 38
2.81 38
2.81 38
2.82 38
2.82 38
2.83 38
2.83 38
2.84 38
2.84 38
2.85 38
2.85 38
2.86 38
2.86 38
2.87 38
2.87 38
2.88 38
2.88 38
2.89 39
2.89 39
2.90 39
2.90 39
2.91 39
2.91 39
2.92 39
2.92 39
2.93 39
2.93 39
2.93 39
2.94 39
2.94 39
2.95 39
2.95 39
2.96 39
2.96 39
2.97 39
2.97 39
2.98 39
2.98 39
2.99 39
2.99 39
3.00 39
3.00 39
3.01 39
3.01 39
3.02 39
3.02 39
3.03 39
3.03 39
3.04 39
3.04 39
3.05 39
3.05 39
3.06 39
3.06 39
3.07 39
3.07 39
3.08 40
3.08 40
3.08 40
3.09 40
3.09 40
3.10 40
3.10 40
3.11 40
3.11 40
3.12 40
3.12 40
3.13 40
3.13 40
3.14 40
3.14 40
3.15 40
3.15 40
3.16 40
3.16 40
3.17 40
3.17 40
3.18 40
3.18 40
3.19 40
3.19 40
3.20 40
3.20 40
3.21 40
3.21 40
3.22 40
3.22 40
3.22 40
3.23 40
3.23 40
3.24 40
3.24 40
3.25 40
3.25 40
3.26 40
3.26 40
3.27 40
3.27 41
3.28 41
3.28 41
3.29 41
3.29 41
3.30 41
3.30 41
3.31 41
3.31 41
3.32 41
3.32 41
3.33 41
3.33 41
3.34 41
3.34 41
3.35 41
3.35 41
3.36 41
3.36 41
3.36 41
3.37 41
3.37 41
3.38 41
3.38 41
3.39 41
3.39 41
3.40 41
3.40 41
3.41 41
3.41 41
3.42 41
3.42 41
3.43 41
3.43 41
3.44 41
3.44 41
3.45 41
3.45 41
3.46 41
3.46 41
3.47 41
3.47 42
3.48 42
3.48 42
3.49 42
3.49 42
3.50 42
3.50 42
3.51 42
3.51 42
3.51 42
3.52 42
3.52 42
3.53 42
3.53 42
3.54 42
3.54 42
3.55 42
3.55 42
3.56 42
3.56 42
3.57 42
3.57 42
3.58 42
3.58 42
3.59 42
3.59 42
3.60 42
3.60 42
3.61 42
3.61 42
3.62 42
3.62 42
3.63 42
3.63 42
3.64 42
3.64 42
3.65 42
3.65 42
3.65 42
3.66 42
3.66 42
3.67 42
3.67 42
3.68 43
3.68 43
3.69 43
3.69 43
3.70 43
3.70 43
3.71 43
3.71 43
3.72 43
3.72 43
3.73 43
3.73 43
3.74 43
3.74 43
3.75 43
3.75 43
3.76 43
3.76 43
3.77 43
3.77 43
3.78 43
3.78 43
3.79 43
3.79 43
3.80 43
3.80 43
3.80 43
3.81 43
3.81 43
3.82 43
3.82 43
3.83 43
3.83 43
3.84 43
3.84 43
3.85 43
3.85 43
3.86 43
3.86 43
3.87 43
3.87 43
3.88 43
3.88 43
3.89 44
3.89 44
3.90 44
3.90 44
3.91 44
3.91 44
3.92 44
3.92 44
3.93 44
3.93 44
3.94 44
3.94 44
3.94 44
3.95 44
3.95 44
3.96 44
3.96 44
3.97 44
3.97 44
3.98 44
3.98 44
3.99 44
3.99 44
4.00 44
4.00 44
4.01 44
4.01 44
4.02 44
4.02 44
4.03 44
4.03 44
4.04 44
4.04 44
4.05 44
4.05 44
4.06 44
4.06 44
4.07 44
4.07 44
4.08 44
4.08 44
4.08 44
4.09 44
4.09 44
4.10 44
4.10 45
4.11 45
4.11 45
4.12 45
4.12 45
4.13 45
4.13 45
4.14 45
4.14 45
4.15 45
4.15 45
4.16 45
4.16 45
4.17 45
4.17 45
4.18 45
4.18 45
4.19 45
4.19 45
4.20 45
4.20 45
4.21 45
4.21 45
4.22 45
4.22 45
4.23 45
4.23 45
4.23 45
4.24 45
4.24 45
4.25 45
4.25 45
4.26 45
4.26 45
4.27 45
4.27 45
4.28 45
4.28 45
4.29 45
4.29 45
4.30 45
4.30 45
4.31 45
4.31 45
4.32 45
4.32 46
4.33 46
4.33 46
4.34 46
4.34 46
4.35 46
4.35 46
4.36 46
4.36 46
4.37 46
4.37 46
4.37 46
4.38 46
4.38 46
4.39 46
4.39 46
4.40 46
4.40 46
4.41 46
4.41 46
4.42 46
4.42 46
4.43 46
4.43 46
4.44 46
4.44 46
4.45 46
4.45 46
4.46 46
4.46 46
4.47 46
4.47 46
4.48 46
4.48 46
4.49 46
4.49 46
4.50 46
4.50 46
4.51 46
4.51 46
4.51 46
4.52 46
4.52 46
4.53 46
4.53 46
4.54 46
4.54 46
4.55 47
4.55 47
4.56 47
4.56 47
4.57 47
4.57 47
4.58 47
4.58 47
4.59 47
4.59 47
4.60 47
4.60 47
4.61 47
4.61 47
4.62 47
4.62 47
4.63 47
4.63 47
4.64 47
4.64 47
4.65 47
4.65 47
4.66 47
4.66 47
4.66 47
4.67 47
4.67 47
4.68 47
4.68 47
4.69 47
4.69 47
4.70 47
4.70 47
4.71 47
4.71 47
4.72 47
4.72 47
4.73 47
4.73 47
4.74 47
4.74 47
4.75 47
4.75 47
4.76 47
4.76 47
4.77 47
4.77 47
4.78 48
4.78 48
4.79 48
4.79 48
4.80 48
4.80 48
4.80 48
4.81 48
4.81 48
4.82 48
4.82 48
4.83 48
4.83 48
4.84 48
4.84 48
4.85 48
4.85 48
4.86 48
4.86 48
4.87 48
4.87 48
4.88 48
4.88 48
4.89 48
4.89 48
4.90 48
4.90 48
4.91 48
4.91 48
4.92 48
4.92 48
4.93 48
4.93 48
4.94 48
4.94 48
4.95 48
4.95 48
4.95 48
4.96 48
4.96 48
4.97 48
4.97 48
4.98 48
4.98 48
4.99 48
4.99 48
5.00 48
