0.00 1
0.29 2
0.38 3
0.38 4
0.47 5
0.47 6
0.48 7
0.48 8
0.56 9
0.56 10
0.57 11
0.57 12
0.58 13
0.58 14
0.59 15
0.59 16
0.65 17
0.65 18
0.66 19
0.66 20
0.67 20
0.67 20
0.68 20
0.68 20
0.69 20
0.69 20
0.70 20
0.70 20
0.71 20
0.71 20
0.72 20
0.72 20
0.74 20
0.75 20
0.75 20
0.76 20
0.76 20
0.77 20
0.77 20
0.78 20
0.78 21
0.79 21
0.79 21
0.79 21
0.80 21
0.80 21
0.81 21
0.81 21
0.82 21
0.82 21
0.83 21
0.83 21
0.84 21
0.85 21
0.85 21
0.86 21
0.86 21
0.87 21
0.87 21
0.88 21
0.88 21
0.89 22
0.89 22
0.89 22
0.90 22
0.90 22
0.91 22
0.91 22
0.92 22
0.92 22
0.93 22
0.93 22
0.94 22
0.94 22
0.95 22
0.95 22
0.96 22
0.96 22
0.97 22
0.97 22
0.98 22
0.98 22
0.99 22
0.99 22
1.00 23
1.00 23
1.01 23
1.01 23
1.02 23
1.02 23
1.03 23
1.03 23
1.03 23
1.04 23
1.04 23
1.05 23
1.05 23
1.06 23
1.06 23
1.07 23
1.07 23
1.08 23
1.08 23
1.09 23
1.09 23
1.10 23
1.10 23
1.11 24
1.11 24
1.12 24
1.12 24
1.13 24
1.13 24
1.14 24
1.14 24
1.15 24
1.15 24
1.16 24
1.16 24
1.17 24
1.17 24
1.17 24
1.18 24
1.18 24
1.19 24
1.19 24
1.20 24
1.20 24
1.21 24
1.21 24
1.22 24
1.22 24
1.23 25
1.23 25
1.24 25
1.24 25
1.25 25
1.25 25
1.26 25
1.26 25
1.27 25
1.27 25
1.28 25
1.28 25
1.29 25
1.29 25
1.30 25
1.30 25
1.31 25
1.31 25
1.32 25
1.32 25
1.32 25
1.33 25
1.33 25
1.34 25
1.34 25
1.35 26
1.35 26
1.36 26
1.36 26
1.37 26
1.37 26
1.38 26
1.38 26
1.39 26
1.39 26
1.40 26
1.40 26
1.41 26
1.41 26
1.42 26
1.42 26
1.43 26
1.43 26
1.44 26
1.44 26
1.45 26
1.45 26
1.46 26
1.46 26
1.46 26
1.47 26
1.47 26
1.48 27
1.48 27
1.49 27
1.49 27
1.50 27
1.50 27
1.51 27
1.51 27
1.52 27
1.52 27
1.53 27
1.53 27
1.54 27
1.54 27
1.55 27
1.55 27
1.56 27
1.56 27
1.57 27
1.57 27
1.58 27
1.58 27
1.59 27
1.59 27
1.60 27
1.60 27
1.61 27
1.61 28
1.61 28
1.62 28
1.62 28
1.63 28
1.63 28
1.64 28
1.64 28
1.65 28
1.65 28
1.66 28
1.66 28
1.67 28
1.67 28
1.68 28
1.68 28
1.69 28
1.69 28
1.70 28
1.70 28
1.71 28
1.71 28
1.72 28
1.72 28
1.73 28
1.73 28
1.74 28
1.74 28
1.75 28
1.75 29
1.75 29
1.76 29
1.76 29
1.77 29
1.77 29
1.78 29
1.78 29
1.79 29
1.79 29
1.80 29
1.80 29
1.81 29
1.81 29
1.82 29
1.82 29
1.83 29
1.83 29
1.84 29
1.84 29
1.85 29
1.85 29
1.86 29
1.86 29
1.87 29
1.87 29
1.88 29
1.88 29
1.89 29
1.89 30
1.89 30
1.90 30
1.90 30
1.91 30
1.91 30
1.92 30
1.92 30
1.93 30
1.93 30
1.94 30
1.94 30
1.95 30
1.95 30
1.96 30
1.96 30
1.97 30
1.97 30
1.98 30
1.98 30
1.99 30
1.99 30
2.00 30
2.00 30
2.01 30
2.01 30
2.02 30
2.02 30
2.03 30
2.03 30
2.04 30
2.04 31
2.04 31
2.05 31
2.05 31
2.06 31
2.06 31
2.07 31
2.07 31
2.08 31
2.08 31
2.09 31
2.09 31
2.10 31
2.10 31
2.11 31
2.11 31
2.12 31
2.12 31
2.13 31
2.13 31
2.14 31
2.14 31
2.15 31
2.15 31
2.16 31
2.16 31
2.17 31
2.17 31
2.18 31
2.18 31
2.18 31
2.19 32
2.19 32
2.20 32
2.20 32
2.21 32
2.21 32
2.22 32
2.22 32
2.23 32
2.23 32
2.24 32
2.24 32
2.25 32
2.25 32
2.26 32
2.26 32
2.27 32
2.27 32
2.28 32
2.28 32
2.29 32
2.29 32
2.30 32
2.30 32
2.31 32
2.31 32
2.32 32
2.32 32
2.33 32
2.33 32
2.33 32
2.34 32
2.34 32
2.35 33
2.35 33
2.36 33
2.36 33
2.37 33
2.37 33
2.38 33
2.38 33
2.39 33
2.39 33
2.40 33
2.40 33
2.41 33
2.41 33
2.42 33
2.42 33
2.43 33
2.43 33
2.44 33
2.44 33
2.45 33
2.45 33
2.46 33
2.46 33
2.47 33
2.47 33
2.47 33
2.48 33
2.48 33
2.49 33
2.49 33
2.50 33
2.50 33
2.51 34
2.51 34
2.52 34
2.52 34
2.53 34
2.53 34
2.54 34
2.54 34
2.55 34
2.55 34
2.56 34
2.56 34
2.57 34
2.57 34
2.58 34
2.58 34
2.59 34
2.59 34
2.60 34
2.60 34
2.61 34
2.61 34
2.61 34
2.62 34
2.62 34
2.63 34
2.63 34
2.64 34
2.64 34
2.65 34
2.65 34
2.66 34
2.66 34
2.67 34
2.67 34
2.68 35
2.68 35
2.69 35
2.69 35
2.70 35
2.70 35
2.71 35
2.71 35
2.72 35
2.72 35
2.73 35
2.73 35
2.74 35
2.74 35
2.75 35
2.75 35
2.76 35
2.76 35
2.76 35
2.77 35
2.77 35
2.78 35
2.78 35
2.79 35
2.79 35
2.80 35
2.80 35
2.81 35
2.81 35
2.82 35
2.82 35
2.83 35
2.83 35
2.84 35
2.84 35
2.85 36
2.85 36
2.86 36
2.86 36
2.87 36
2.87 36
2.88 36
2.88 36
2.89 36
2.89 36
2.90 36
2.90 36
2.90 36
2.91 36
2.91 36
2.92 36
2.92 36
2.93 36
2.93 36
2.94 36
2.94 36
2.95 36
2.95 36
2.96 36
2.96 36
2.97 36
2.97 36
2.98 36
2.98 36
2.99 36
2.99 36
3.00 36
3.00 36
3.01 36
3.01 36
3.02 36
3.02 36
3.03 37
3.03 37
3.04 37
3.04 37
3.04 37
3.05 37
3.05 37
3.06 37
3.06 37
3.07 37
3.07 37
3.08 37
3.08 37
3.09 37
3.09 37
3.10 37
3.10 37
3.11 37
3.11 37
3.12 37
3.12 37
3.13 37
3.13 37
3.14 37
3.14 37
3.15 37
3.15 37
3.16 37
3.16 37
3.17 37
3.17 37
3.18 37
3.18 37
3.19 37
3.19 37
3.19 37
3.20 37
3.20 38
3.21 38
3.21 38
3.22 38
3.22 38
3.23 38
3.23 38
3.24 38
3.24 38
3.25 38
3.25 38
3.26 38
3.26 38
3.27 38
3.27 38
3.28 38
3.28 38
3.29 38
3.29 38
3.30 38
3.30 38
3.31 38
3.31 38
3.32 38
3.32 38
3.33 38
3.33 38
3.33 38
3.34 38
3.34 38
3.35 38
3.35 38
3.36 38
3.36 38
3.37 38
3.37 38
3.38 38
3.38 38
3.39 38
3.39 39
3.40 39
3.40 39
3.41 39
3.41 39
3.42 39
3.42 39
3.43 39
3.43 39
3.44 39
3.44 39
3.45 39
3.45 39
3.46 39
3.46 39
3.47 39
3.47 39
3.48 39
3.48 39
3.48 39
3.49 39
3.49 39
3.50 39
3.50 39
3.51 39
3.51 39
3.52 39
3.52 39
3.53 39
3.53 39
3.54 39
3.54 39
3.55 39
3.55 39
3.56 39
3.56 39
3.57 39
3.57 39
3.58 39
3.58 40
3.59 40
3.59 40
3.60 40
3.60 40
3.61 40
3.61 40
3.62 40
3.62 40
3.62 40
3.63 40
3.63 40
3.64 40
3.64 40
3.65 40
3.65 40
3.66 40
3.66 40
3.67 40
3.67 40
3.68 40
3.68 40
3.69 40
3.69 40
3.70 40
3.70 40
3.71 40
3.71 40
3.72 40
3.72 40
3.73 40
3.73 40
3.74 40
3.74 40
3.75 40
3.75 40
3.76 40
3.76 40
3.76 40
3.77 40
3.77 40
3.78 41
3.78 41
3.79 41
3.79 41
3.80 41
3.80 41
3.81 41
3.81 41
3.82 41
3.82 41
3.83 41
3.83 41
3.84 41
3.84 41
3.85 41
3.85 41
3.86 41
3.86 41
3.87 41
3.87 41
3.88 41
3.88 41
3.89 41
3.89 41
3.90 41
3.90 41
3.91 41
3.91 41
3.91 41
3.92 41
3.92 41
3.93 41
3.93 41
3.94 41
3.94 41
3.95 41
3.95 41
3.96 41
3.96 41
3.97 41
3.97 41
3.98 42
3.98 42
3.99 42
3.99 42
4.00 42
4.00 42
4.01 42
4.01 42
4.02 42
4.02 42
4.03 42
4.03 42
4.04 42
4.04 42
4.05 42
4.05 42
4.05 42
4.06 42
4.06 42
4.07 42
4.07 42
4.08 42
4.08 42
4.09 42
4.09 42
4.10 42
4.10 42
4.11 42
4.11 42
4.12 42
4.12 42
4.13 42
4.13 42
4.14 42
4.14 42
4.15 42
4.15 42
4.16 42
4.16 42
4.17 42
4.17 42
4.18 42
4.18 42
4.19 43
4.19 43
4.19 43
4.20 43
4.20 43
4.21 43
4.21 43
4.22 43
4.22 43
4.23 43
4.23 43
4.24 43
4.24 43
4.25 43
4.25 43
4.26 43
4.26 43
4.27 43
4.27 43
4.28 43
4.28 43
4.29 43
4.29 43
4.30 43
4.30 43
4.31 43
4.31 43
4.32 43
4.32 43
4.33 43
4.33 43
4.34 43
4.34 43
4.34 43
4.35 43
4.35 43
4.36 43
4.36 43
4.37 43
4.37 43
4.38 43
4.38 43
4.39 43
4.39 44
4.40 44
4.40 44
4.41 44
4.41 44
4.42 44
4.42 44
4.43 44
4.43 44
4.44 44
4.44 44
4.45 44
4.45 44
4.46 44
4.46 44
4.47 44
4.47 44
4.48 44
4.48 44
4.48 44
4.49 44
4.49 44
4.50 44
4.50 44
4.51 44
4.51 44
4.52 44
4.52 44
4.53 44
4.53 44
4.54 44
4.54 44
4.55 44
4.55 44
4.56 44
4.56 44
4.57 44
4.57 44
4.58 44
4.58 44
4.59 44
4.59 44
4.60 44
4.60 44
4.61 44
4.61 45
4.62 45
4.62 45
4.63 45
4.63 45
4.63 45
4.64 45
4.64 45
4.65 45
4.65 45
4.66 45
4.66 45
4.67 45
4.67 45
4.68 45
4.68 45
4.69 45
4.69 45
4.70 45
4.70 45
4.71 45
4.71 45
4.72 45
4.72 45
4.73 45
4.73 45
4.74 45
4.74 45
4.75 45
4.75 45
4.76 45
4.76 45
4.77 45
4.77 45
4.77 45
4.78 45
4.78 45
4.79 45
4.79 45
4.80 45
4.80 45
4.81 45
4.81 45
4.82 45
4.82 45
4.83 46
4.83 46
4.84 46
4.84 46
4.85 46
4.85 46
4.86 46
4.86 46
4.87 46
4.87 46
4.88 46
4.88 46
4.89 46
4.89 46
4.90 46
4.90 46
4.91 46
4.91 46
4.91 46
4.92 46
4.92 46
4.93 46
4.93 46
4.94 46
4.94 46
4.95 46
4.95 46
4.96 46
4.96 46
4.97 46
4.97 46
4.98 46
4.98 46
4.99 46
4.99 46
5.00 46
